1
64
6.13689
8.67646
7.09518
2.75388
0.30477
1.56987
5.04441
6.86753
5.32626
2.74649
2.03252
3.15564
4.43237
3.06673
-0.80865
-4.33092
-4.02493
-1.76319
-0.2645
-2.40445
-7.35047
-10.52928
-9.02381
-3.88141
0.26774
0.56246
-2.24402
-4.8028
-4.04608
-1.0139
1.54336
1.50162
0.14059
0.35908
3.4137
6.93116
7.51497
5.11065
2.23371
2.36233
5.50302
8.66325
7.66194
2.67342
-3.06263
-4.79209
-2.58159
0.86064
1.51637
-1.40915
-4.57062
-5.59147
-4.24055
-2.803
-4.10583
-6.56913
-7.62498
-5.24468
-1.58972
0.62942
-1.0671
-3.8373
-4.15592
0.2975
