2
64 64
-0.16385 0.60778 0.99212 0.80193 0.18941 -0.49986 -0.93614 -0.95452 -0.59071 -0.02179 0.5332 0.90036 0.99664 0.83186 0.48129 0.04774 -0.37151 -0.70546 -0.91662 -0.99816 -0.96541 -0.84599 -0.67118 -0.46987 -0.26524 -0.07366 0.0949 0.2356 0.34729 0.43095 0.48858 0.52218 0.5332 0.52218 0.48858 0.43095 0.34729 0.2356 0.0949 -0.07366 -0.26524 -0.46987 -0.67118 -0.84599 -0.96541 -0.99816 -0.91662 -0.70546 -0.37151 0.04774 0.48129 0.83186 0.99664 0.90036 0.5332 -0.02179 -0.59071 -0.95452 -0.93614 -0.49986 0.18941 0.80193 0.99212 0.60778 
0.87095 0.95409 0.45709 -0.28711 -0.8579 -0.98484 -0.65061 -0.0463 0.55619 0.93202 0.97733 0.71684 0.26385 -0.237 -0.65909 -0.92229 -0.9995 -0.90729 -0.68915 -0.39843 -0.08516 0.2117 0.46704 0.6688 0.81532 0.91195 0.96791 0.99382 0.99998 0.99535 0.987 0.98 0.97733 0.98 0.987 0.99535 0.99998 0.99382 0.96791 0.91195 0.81532 0.6688 0.46704 0.2117 -0.08516 -0.39843 -0.68915 -0.90729 -0.9995 -0.92229 -0.65909 -0.237 0.26385 0.71684 0.97733 0.93202 0.55619 -0.0463 -0.65061 -0.98484 -0.8579 -0.28711 0.45709 0.95409 
0.78427 0.08356 -0.65049 -0.99533 -0.80011 -0.21186 0.45694 0.90722 0.97968 0.68799 0.17365 -0.37434 -0.79313 -0.98898 -0.94547 -0.7066 -0.34879 0.04614 0.41016 0.69838 0.89015 0.98481 0.99519 0.94116 0.84436 0.72473 0.5987 0.47862 0.373 0.28726 0.22453 0.18642 0.17365 0.18642 0.22453 0.28726 0.373 0.47862 0.5987 0.72473 0.84436 0.94116 0.99519 0.98481 0.89015 0.69838 0.41016 0.04614 -0.34879 -0.7066 -0.94547 -0.98898 -0.79313 -0.37434 0.17365 0.68799 0.97968 0.90722 0.45694 -0.21186 -0.80011 -0.99533 -0.65049 0.08356 
-0.24027 -0.8726 -0.96061 -0.49972 0.21499 0.80203 0.99885 0.75837 0.22281 -0.37597 -0.82468 -0.99908 -0.88266 -0.54401 -0.09474 0.35179 0.70886 0.92849 0.99999 0.94057 0.78317 0.56561 0.32267 0.08181 -0.13835 -0.32737 -0.48143 -0.60126 -0.69031 -0.75312 -0.79421 -0.81726 -0.82468 -0.81726 -0.79421 -0.75312 -0.69031 -0.60126 -0.48143 -0.32737 -0.13835 0.08181 0.32267 0.56561 0.78317 0.94057 0.99999 0.92849 0.70886 0.35179 -0.09474 -0.54401 -0.88266 -0.99908 -0.82468 -0.37597 0.22281 0.75837 0.99885 0.80203 0.21499 -0.49972 -0.96061 -0.8726 
-0.97529 -0.8281 -0.18279 0.54978 0.96922 0.8937 0.40548 -0.24214 -0.77117 -0.9968 -0.87556 -0.48676 0.02388 0.50568 0.8471 0.99439 0.94846 0.74857 0.45238 0.11864 -0.20418 -0.48311 -0.70102 -0.85392 -0.94713 -0.99131 -0.99932 -0.9839 -0.95637 -0.92591 -0.89945 -0.88176 -0.87556 -0.88176 -0.89945 -0.92591 -0.95637 -0.9839 -0.99932 -0.99131 -0.94713 -0.85392 -0.70102 -0.48311 -0.20418 0.11864 0.45238 0.74857 0.94846 0.99439 0.8471 0.50568 0.02388 -0.48676 -0.87556 -0.9968 -0.77117 -0.24214 0.40548 0.8937 0.96922 0.54978 -0.18279 -0.8281 
-0.66462 0.09075 0.7725 0.99697 0.68379 0.03894 -0.60446 -0.96648 -0.92997 -0.55152 0.0 0.52967 0.88684 0.99966 0.87455 0.57299 0.18075 -0.2189 -0.5623 -0.81206 -0.95575 -1.0 -0.96307 -0.86818 -0.73849 -0.59407 -0.45052 -0.31888 -0.20622 -0.11657 -0.0519 -0.01298 0.0 -0.01298 -0.0519 -0.11657 -0.20622 -0.31888 -0.45052 -0.59407 -0.73849 -0.86818 -0.96307 -1.0 -0.95575 -0.81206 -0.5623 -0.2189 0.18075 0.57299 0.87455 0.99966 0.88684 0.52967 0.0 -0.55152 -0.92997 -0.96648 -0.60446 0.03894 0.68379 0.99697 0.7725 0.09075 
0.29631 0.89952 0.94283 0.44851 -0.27141 -0.8354 -0.99438 -0.71918 -0.16575 0.42922 0.85617 0.99988 0.85384 0.4943 0.03669 -0.40562 -0.74867 -0.94851 -0.99853 -0.91923 -0.74569 -0.5167 -0.26709 -0.02372 0.1957 0.38176 0.53158 0.64671 0.73121 0.7901 0.82819 0.84939 0.85617 0.84939 0.82819 0.7901 0.73121 0.64671 0.53158 0.38176 0.1957 -0.02372 -0.26709 -0.5167 -0.74569 -0.91923 -0.99853 -0.94851 -0.74867 -0.40562 0.03669 0.4943 0.85384 0.99988 0.85617 0.42922 -0.16575 -0.71918 -0.99438 -0.8354 -0.27141 0.44851 0.94283 0.89952 
0.96079 0.8593 0.23965 -0.50028 -0.95327 -0.91828 -0.45794 0.18532 0.73285 0.99047 0.90217 0.53673 0.03429 -0.45466 -0.81476 -0.98656 -0.96528 -0.78585 -0.50347 -0.17617 0.14691 0.43139 0.65837 0.82222 0.92687 0.98199 0.99977 0.99263 0.97174 0.9463 0.92334 0.90769 0.90217 0.90769 0.92334 0.9463 0.97174 0.99263 0.99977 0.98199 0.92687 0.82222 0.65837 0.43139 0.14691 -0.17617 -0.50347 -0.78585 -0.96528 -0.98656 -0.81476 -0.45466 0.03429 0.53673 0.90217 0.99047 0.73285 0.18532 -0.45794 -0.91828 -0.95327 -0.50028 0.23965 0.8593 
0.78427 0.08356 -0.65049 -0.99533 -0.80011 -0.21186 0.45694 0.90722 0.97968 0.68799 0.17365 -0.37434 -0.79313 -0.98898 -0.94547 -0.7066 -0.34879 0.04614 0.41016 0.69838 0.89015 0.98481 0.99519 0.94116 0.84436 0.72473 0.5987 0.47862 0.373 0.28726 0.22453 0.18642 0.17365 0.18642 0.22453 0.28726 0.373 0.47862 0.5987 0.72473 0.84436 0.94116 0.99519 0.98481 0.89015 0.69838 0.41016 0.04614 -0.34879 -0.7066 -0.94547 -0.98898 -0.79313 -0.37434 0.17365 0.68799 0.97968 0.90722 0.45694 -0.21186 -0.80011 -0.99533 -0.65049 0.08356 
-0.00994 -0.73644 -0.99881 -0.68601 -0.01603 0.64266 0.98297 0.88825 0.44162 -0.15214 -0.67201 -0.96225 -0.96726 -0.72285 -0.32176 0.12643 0.52709 0.81782 0.97211 0.99353 0.90546 0.74054 0.53225 0.30944 0.09378 -0.10064 -0.26632 -0.40078 -0.50485 -0.5811 -0.63266 -0.66234 -0.67201 -0.66234 -0.63266 -0.5811 -0.50485 -0.40078 -0.26632 -0.10064 0.09378 0.30944 0.53225 0.74054 0.90546 0.99353 0.97211 0.81782 0.52709 0.12643 -0.32176 -0.72285 -0.96726 -0.96225 -0.67201 -0.15214 0.44162 0.88825 0.98297 0.64266 -0.01603 -0.68601 -0.99881 -0.73644 
-0.77239 -0.99161 -0.60459 0.11641 0.75564 1.0 0.7726 0.21906 -0.40343 -0.85492 -0.99925 -0.82702 -0.42733 0.0647 0.51848 0.84117 0.9898 0.96652 0.80451 0.55165 0.25688 -0.03878 -0.30639 -0.52954 -0.70239 -0.82684 -0.90957 -0.95945 -0.98577 -0.99696 -0.99991 -0.99967 -0.99925 -0.99967 -0.99991 -0.99696 -0.98577 -0.95945 -0.90957 -0.82684 -0.70239 -0.52954 -0.30639 -0.03878 0.25688 0.55165 0.80451 0.96652 0.9898 0.84117 0.51848 0.0647 -0.42733 -0.82702 -0.99925 -0.85492 -0.40343 0.21906 0.7726 1.0 0.75564 0.11641 -0.60459 -0.99161 
-0.98941 -0.57062 0.18358 0.81374 0.99284 0.67213 0.04902 -0.57535 -0.94871 -0.95868 -0.64279 -0.13946 0.38235 0.78247 0.98165 0.96574 0.77066 0.45951 0.1008 -0.24696 -0.54307 -0.76604 -0.91083 -0.98405 -0.99913 -0.97215 -0.91898 -0.85351 -0.78694 -0.7277 -0.68168 -0.65268 -0.64279 -0.65268 -0.68168 -0.7277 -0.78694 -0.85351 -0.91898 -0.97215 -0.99913 -0.98405 -0.91083 -0.76604 -0.54307 -0.24696 0.1008 0.45951 0.77066 0.96574 0.98165 0.78247 0.38235 -0.13946 -0.64279 -0.95868 -0.94871 -0.57535 0.04902 0.67213 0.99284 0.81374 0.18358 -0.57062 
-0.58916 0.18673 0.83034 0.98475 0.60994 -0.05798 -0.67874 -0.9868 -0.89001 -0.46817 0.09681 0.6093 0.92741 0.99245 0.82349 0.49095 0.08468 -0.31234 -0.63971 -0.86474 -0.97974 -0.9953 -0.93248 -0.81606 -0.66975 -0.5134 -0.36197 -0.22562 -0.11052 -0.01987 0.04502 0.08388 0.09681 0.08388 0.04502 -0.01987 -0.11052 -0.22562 -0.36197 -0.5134 -0.66975 -0.81606 -0.93248 -0.9953 -0.97974 -0.86474 -0.63971 -0.31234 0.08468 0.49095 0.82349 0.99245 0.92741 0.6093 0.09681 -0.46817 -0.89001 -0.9868 -0.67874 -0.05798 0.60994 0.98475 0.83034 0.18673 
0.12596 0.81 0.98638 0.5969 -0.10016 -0.72726 -0.99766 -0.82891 -0.33448 0.26586 0.75344 0.98734 0.93126 0.63774 0.20967 -0.24074 -0.62218 -0.8791 -0.99277 -0.97363 -0.85006 -0.65752 -0.43037 -0.19696 0.02244 0.21546 0.37642 0.50443 0.60165 0.67165 0.71829 0.74484 0.75344 0.74484 0.71829 0.67165 0.60165 0.50443 0.37642 0.21546 0.02244 -0.19696 -0.43037 -0.65752 -0.85006 -0.97363 -0.99277 -0.8791 -0.62218 -0.24074 0.20967 0.63774 0.93126 0.98734 0.75344 0.26586 -0.33448 -0.82891 -0.99766 -0.72726 -0.10016 0.5969 0.98638 0.81 
0.74718 0.99587 0.63502 -0.07781 -0.72968 -0.99924 -0.79663 -0.25673 0.36764 0.83416 1.0 0.8482 0.46207 -0.02596 -0.48494 -0.81957 -0.98353 -0.97575 -0.82693 -0.58358 -0.29416 0.0 0.26925 0.49625 0.67426 0.80441 0.89277 0.9478 0.97851 0.99318 0.99865 0.99992 1.0 0.99992 0.99865 0.99318 0.97851 0.9478 0.89277 0.80441 0.67426 0.49625 0.26925 0.0 -0.29416 -0.58358 -0.82693 -0.97575 -0.98353 -0.81957 -0.48494 -0.02596 0.46207 0.8482 1.0 0.83416 0.36764 -0.25673 -0.79663 -0.99924 -0.72968 -0.07781 0.63502 0.99587 
0.99884 0.71818 0.0093 -0.68647 -0.99725 -0.80222 -0.24058 0.40694 0.87 0.99553 0.77836 0.32767 -0.19711 -0.64781 -0.92651 -0.99765 -0.87902 -0.62206 -0.29064 0.05558 0.37107 0.62781 0.8142 0.93132 0.98846 0.99909 0.97774 0.93793 0.8911 0.84624 0.8099 0.78645 0.77836 0.78645 0.8099 0.84624 0.8911 0.93793 0.97774 0.99909 0.98846 0.93132 0.8142 0.62781 0.37107 0.05558 -0.29064 -0.62206 -0.87902 -0.99765 -0.92651 -0.64781 -0.19711 0.32767 0.77836 0.99553 0.87 0.40694 -0.24058 -0.80222 -0.99725 -0.68647 0.0093 0.71818 
0.82999 0.16053 -0.58968 -0.98486 -0.84419 -0.28696 0.38664 0.87189 0.99228 0.74216 0.24944 -0.30136 -0.74355 -0.97454 -0.96787 -0.75931 -0.42037 -0.03141 0.33825 0.64082 0.85217 0.96839 0.99979 0.96452 0.88334 0.77594 0.65897 0.54522 0.44378 0.36063 0.29937 0.26199 0.24944 0.26199 0.29937 0.36063 0.44378 0.54522 0.65897 0.77594 0.88334 0.96452 0.99979 0.96839 0.85217 0.64082 0.33825 -0.03141 -0.42037 -0.75931 -0.96787 -0.97454 -0.74355 -0.30136 0.24944 0.74216 0.99228 0.87189 0.38664 -0.28696 -0.84419 -0.98486 -0.58968 0.16053 
0.36898 -0.42588 -0.9431 -0.91023 -0.39299 0.30517 0.84047 0.996 0.74814 0.23295 -0.34202 -0.78783 -0.9914 -0.9305 -0.65595 -0.25812 0.16654 0.53943 0.81122 0.96268 0.99873 0.93969 0.8129 0.6461 0.46335 0.28312 0.118 -0.02452 -0.14089 -0.23015 -0.29279 -0.32979 -0.34202 -0.32979 -0.29279 -0.23015 -0.14089 -0.02452 0.118 0.28312 0.46335 0.6461 0.8129 0.93969 0.99873 0.96268 0.81122 0.53943 0.16654 -0.25812 -0.65595 -0.9305 -0.9914 -0.78783 -0.34202 0.23295 0.74814 0.996 0.84047 0.30517 -0.39299 -0.91023 -0.9431 -0.42588 
-0.18343 -0.84272 -0.97515 -0.54924 0.15784 0.76594 0.99995 0.79498 0.27912 -0.32146 -0.79039 -0.99489 -0.9085 -0.59187 -0.15246 0.29677 0.66665 0.90532 0.99807 0.95872 0.818 0.6126 0.37716 0.13962 -0.08053 -0.27188 -0.42965 -0.55379 -0.64707 -0.71359 -0.75753 -0.78237 -0.79039 -0.78237 -0.75753 -0.71359 -0.64707 -0.55379 -0.42965 -0.27188 -0.08053 0.13962 0.37716 0.6126 0.818 0.95872 0.99807 0.90532 0.66665 0.29677 -0.15246 -0.59187 -0.9085 -0.99489 -0.79039 -0.32146 0.27912 0.79498 0.99995 0.76594 0.15784 -0.54924 -0.97515 -0.84272 
-0.65037 -0.99899 -0.73372 -0.05782 0.63043 0.98478 0.87111 0.38516 -0.23841 -0.75185 -0.9908 -0.91208 -0.57784 -0.10956 0.36212 0.73448 0.95002 0.99639 0.89542 0.6881 0.4208 0.13533 -0.13644 -0.37419 -0.56812 -0.71662 -0.82359 -0.89592 -0.9416 -0.96827 -0.98244 -0.98896 -0.9908 -0.98896 -0.98244 -0.96827 -0.9416 -0.89592 -0.82359 -0.71662 -0.56812 -0.37419 -0.13644 0.13533 0.4208 0.6881 0.89542 0.99639 0.95002 0.73448 0.36212 -0.10956 -0.57784 -0.91208 -0.9908 -0.75185 -0.23841 0.38516 0.87111 0.98478 0.63043 -0.05782 -0.73372 -0.99899 
-0.92944 -0.90478 -0.33251 0.4141 0.91954 0.9523 0.54185 -0.08931 -0.66354 -0.97249 -0.93969 -0.61589 -0.13088 0.3663 0.7548 0.96611 0.98603 0.84203 0.58475 0.27064 -0.05046 -0.34202 -0.5824 -0.76326 -0.88618 -0.95909 -0.99301 -0.9997 -0.99003 -0.97316 -0.95618 -0.94405 -0.93969 -0.94405 -0.95618 -0.97316 -0.99003 -0.9997 -0.99301 -0.95909 -0.88618 -0.76326 -0.5824 -0.34202 -0.05046 0.27064 0.58475 0.84203 0.98603 0.96611 0.7548 0.3663 -0.13088 -0.61589 -0.93969 -0.97249 -0.66354 -0.08931 0.54185 0.9523 0.91954 0.4141 -0.33251 -0.90478 
-0.99768 -0.63254 0.10686 0.76625 0.99911 0.72748 0.12627 -0.51024 -0.92136 -0.97784 -0.70022 -0.21577 0.3096 0.73187 0.96393 0.98295 0.81772 0.52695 0.17759 -0.17112 -0.47636 -0.71393 -0.8761 -0.9673 -0.99936 -0.98739 -0.94677 -0.89132 -0.83239 -0.77867 -0.73633 -0.70943 -0.70022 -0.70943 -0.73633 -0.77867 -0.83239 -0.89132 -0.94677 -0.98739 -0.99936 -0.9673 -0.8761 -0.71393 -0.47636 -0.17112 0.17759 0.52695 0.81772 0.98295 0.96393 0.73187 0.3096 -0.21577 -0.70022 -0.97784 -0.92136 -0.51024 0.12627 0.72748 0.99911 0.76625 0.10686 -0.63254 
-0.88913 -0.27403 0.49193 0.95808 0.90071 0.39623 -0.27696 -0.80915 -0.99997 -0.81495 -0.36018 0.18862 0.6609 0.94192 0.99052 0.82972 0.52286 0.14723 -0.22672 -0.54736 -0.78566 -0.93288 -0.99541 -0.98865 -0.93178 -0.84393 -0.74184 -0.63885 -0.54481 -0.46647 -0.40811 -0.37226 -0.36018 -0.37226 -0.40811 -0.46647 -0.54481 -0.63885 -0.74184 -0.84393 -0.93178 -0.98865 -0.99541 -0.93288 -0.78566 -0.54736 -0.22672 0.14723 0.52286 0.82972 0.99052 0.94192 0.6609 0.18862 -0.36018 -0.81495 -0.99997 -0.80915 -0.27696 0.39623 0.90071 0.95808 0.49193 -0.27403 
-0.66462 0.09075 0.7725 0.99697 0.68379 0.03894 -0.60446 -0.96648 -0.92997 -0.55152 0.0 0.52967 0.88684 0.99966 0.87455 0.57299 0.18075 -0.2189 -0.5623 -0.81206 -0.95575 -1.0 -0.96307 -0.86818 -0.73849 -0.59407 -0.45052 -0.31888 -0.20622 -0.11657 -0.0519 -0.01298 0.0 -0.01298 -0.0519 -0.11657 -0.20622 -0.31888 -0.45052 -0.59407 -0.73849 -0.86818 -0.96307 -1.0 -0.95575 -0.81206 -0.5623 -0.2189 0.18075 0.57299 0.87455 0.99966 0.88684 0.52967 0.0 -0.55152 -0.92997 -0.96648 -0.60446 0.03894 0.68379 0.99697 0.7725 0.09075 
-0.38694 0.40826 0.93647 0.91809 0.41074 -0.28665 -0.82981 -0.99755 -0.76087 -0.25177 0.32373 0.77574 0.98867 0.93742 0.67046 0.27681 -0.14739 -0.523 -0.79972 -0.95725 -0.99952 -0.94615 -0.82404 -0.66078 -0.48044 -0.30166 -0.13724 0.00513 0.12166 0.21123 0.27419 0.31142 0.32373 0.31142 0.27419 0.21123 0.12166 0.00513 -0.13724 -0.30166 -0.48044 -0.66078 -0.82404 -0.94615 -0.99952 -0.95725 -0.79972 -0.523 -0.14739 0.27681 0.67046 0.93742 0.98867 0.77574 0.32373 -0.25177 -0.76087 -0.99755 -0.82981 -0.28665 0.41074 0.91809 0.93647 0.40826 
-0.10622 0.65292 0.99772 0.76584 0.132 -0.54938 -0.955 -0.93557 -0.5428 0.03637 0.58149 0.92414 0.99018 0.79818 0.42951 -0.01042 -0.42487 -0.74548 -0.93831 -1.0 -0.94861 -0.81355 -0.62694 -0.41775 -0.20873 -0.01555 0.15262 0.29171 0.40122 0.48269 0.53848 0.57088 0.58149 0.57088 0.53848 0.48269 0.40122 0.29171 0.15262 -0.01555 -0.20873 -0.41775 -0.62694 -0.81355 -0.94861 -1.0 -0.93831 -0.74548 -0.42487 -0.01042 0.42951 0.79818 0.99018 0.92414 0.58149 0.03637 -0.5428 -0.93557 -0.955 -0.54938 0.132 0.76584 0.99772 0.65292 
0.14517 0.82122 0.983 0.58123 -0.11944 -0.74044 -0.9988 -0.81791 -0.31614 0.2845 0.76604 0.99023 0.92402 0.62268 0.19067 -0.25952 -0.63725 -0.88817 -0.99491 -0.96903 -0.83969 -0.64279 -0.41279 -0.17791 0.04182 0.23436 0.39431 0.52108 0.61702 0.68589 0.73165 0.75764 0.76604 0.75764 0.73165 0.68589 0.61702 0.52108 0.39431 0.23436 0.04182 -0.17791 -0.41279 -0.64279 -0.83969 -0.96903 -0.99491 -0.88817 -0.63725 -0.25952 0.19067 0.62268 0.92402 0.99023 0.76604 0.2845 -0.31614 -0.81791 -0.9988 -0.74044 -0.11944 0.58123 0.983 0.82122 
0.35134 0.9234 0.92186 0.39579 -0.32692 -0.86595 -0.98654 -0.67757 -0.10813 0.48101 0.88476 0.99731 0.82213 0.44292 -0.02147 -0.45808 -0.78595 -0.96532 -0.9937 -0.89478 -0.70569 -0.46604 -0.21061 0.03445 0.25239 0.43485 0.57993 0.68996 0.76964 0.8244 0.85938 0.87864 0.88476 0.87864 0.85938 0.8244 0.76964 0.68996 0.57993 0.43485 0.25239 0.03445 -0.21061 -0.46604 -0.70569 -0.89478 -0.9937 -0.96532 -0.78595 -0.45808 -0.02147 0.44292 0.82213 0.99731 0.88476 0.48101 -0.10813 -0.67757 -0.98654 -0.86595 -0.32692 0.39579 0.92186 0.9234 
0.50858 0.97603 0.84056 0.2303 -0.48606 -0.93964 -0.94315 -0.53956 0.06614 0.62594 0.95225 0.96942 0.71078 0.2805 -0.19476 -0.60548 -0.88138 -0.99599 -0.95913 -0.80365 -0.57193 -0.30533 -0.03765 0.20747 0.41658 0.58462 0.71258 0.80518 0.86882 0.91016 0.93512 0.9482 0.95225 0.9482 0.93512 0.91016 0.86882 0.80518 0.71258 0.58462 0.41658 0.20747 -0.03765 -0.30533 -0.57193 -0.80365 -0.95913 -0.99599 -0.88138 -0.60548 -0.19476 0.2805 0.71078 0.96942 0.95225 0.62594 0.06614 -0.53956 -0.94315 -0.93964 -0.48606 0.2303 0.84056 0.97603 
0.62042 0.9965 0.75952 0.09649 -0.59985 -0.9773 -0.8895 -0.42066 0.20057 0.72572 0.98481 0.92729 0.60905 0.14802 -0.3257 -0.70762 -0.9372 -0.99893 -0.91201 -0.71572 -0.45566 -0.17365 0.09793 0.33795 0.53578 0.68903 0.80097 0.87802 0.92783 0.95785 0.97447 0.98247 0.98481 0.98247 0.97447 0.95785 0.92783 0.87802 0.80097 0.68903 0.53578 0.33795 0.09793 -0.17365 -0.45566 -0.71572 -0.91201 -0.99893 -0.9372 -0.70762 -0.3257 0.14802 0.60905 0.92729 0.98481 0.72572 0.20057 -0.42066 -0.8895 -0.9773 -0.59985 0.09649 0.75952 0.9965 
0.69344 0.99991 0.69297 -0.00032 -0.6745 -0.99322 -0.84108 -0.33085 0.29447 0.78892 0.99699 0.8867 0.5294 0.05158 -0.41571 -0.7727 -0.96657 -0.98978 -0.86802 -0.64475 -0.36734 -0.07749 0.19381 0.42748 0.615 0.75596 0.85517 0.92024 0.95958 0.98116 0.99163 0.9959 0.99699 0.9959 0.99163 0.98116 0.95958 0.92024 0.85517 0.75596 0.615 0.42748 0.19381 -0.07749 -0.36734 -0.64475 -0.86802 -0.98978 -0.96657 -0.7727 -0.41571 0.05158 0.5294 0.8867 0.99699 0.78892 0.29447 -0.33085 -0.84108 -0.99322 -0.6745 -0.00032 0.69297 0.99991 
0.73416 0.99745 0.64988 -0.05846 -0.71628 -0.9983 -0.80821 -0.27542 0.34954 0.82331 0.99981 0.85831 0.47918 -0.00657 -0.46789 -0.8083 -0.97984 -0.97981 -0.83768 -0.59921 -0.31264 -0.01939 0.25053 0.47932 0.65981 0.79274 0.88386 0.94143 0.97432 0.99074 0.99746 0.99948 0.99981 0.99948 0.99746 0.99074 0.97432 0.94143 0.88386 0.79274 0.65981 0.47932 0.25053 -0.01939 -0.31264 -0.59921 -0.83768 -0.97981 -0.97984 -0.8083 -0.46789 -0.00657 0.47918 0.85831 0.99981 0.82331 0.34954 -0.27542 -0.80821 -0.9983 -0.71628 -0.05846 0.64988 0.99745 
0.74718 0.99587 0.63502 -0.07781 -0.72968 -0.99924 -0.79663 -0.25673 0.36764 0.83416 1.0 0.8482 0.46207 -0.02596 -0.48494 -0.81957 -0.98353 -0.97575 -0.82693 -0.58358 -0.29416 0.0 0.26925 0.49625 0.67426 0.80441 0.89277 0.9478 0.97851 0.99318 0.99865 0.99992 1.0 0.99992 0.99865 0.99318 0.97851 0.9478 0.89277 0.80441 0.67426 0.49625 0.26925 0.0 -0.29416 -0.58358 -0.82693 -0.97575 -0.98353 -0.81957 -0.48494 -0.02596 0.46207 0.8482 1.0 0.83416 0.36764 -0.25673 -0.79663 -0.99924 -0.72968 -0.07781 0.63502 0.99587 
0.73416 0.99745 0.64988 -0.05846 -0.71628 -0.9983 -0.80821 -0.27542 0.34954 0.82331 0.99981 0.85831 0.47918 -0.00657 -0.46789 -0.8083 -0.97984 -0.97981 -0.83768 -0.59921 -0.31264 -0.01939 0.25053 0.47932 0.65981 0.79274 0.88386 0.94143 0.97432 0.99074 0.99746 0.99948 0.99981 0.99948 0.99746 0.99074 0.97432 0.94143 0.88386 0.79274 0.65981 0.47932 0.25053 -0.01939 -0.31264 -0.59921 -0.83768 -0.97981 -0.97984 -0.8083 -0.46789 -0.00657 0.47918 0.85831 0.99981 0.82331 0.34954 -0.27542 -0.80821 -0.9983 -0.71628 -0.05846 0.64988 0.99745 
0.69344 0.99991 0.69297 -0.00032 -0.6745 -0.99322 -0.84108 -0.33085 0.29447 0.78892 0.99699 0.8867 0.5294 0.05158 -0.41571 -0.7727 -0.96657 -0.98978 -0.86802 -0.64475 -0.36734 -0.07749 0.19381 0.42748 0.615 0.75596 0.85517 0.92024 0.95958 0.98116 0.99163 0.9959 0.99699 0.9959 0.99163 0.98116 0.95958 0.92024 0.85517 0.75596 0.615 0.42748 0.19381 -0.07749 -0.36734 -0.64475 -0.86802 -0.98978 -0.96657 -0.7727 -0.41571 0.05158 0.5294 0.8867 0.99699 0.78892 0.29447 -0.33085 -0.84108 -0.99322 -0.6745 -0.00032 0.69297 0.99991 
0.62042 0.9965 0.75952 0.09649 -0.59985 -0.9773 -0.8895 -0.42066 0.20057 0.72572 0.98481 0.92729 0.60905 0.14802 -0.3257 -0.70762 -0.9372 -0.99893 -0.91201 -0.71572 -0.45566 -0.17365 0.09793 0.33795 0.53578 0.68903 0.80097 0.87802 0.92783 0.95785 0.97447 0.98247 0.98481 0.98247 0.97447 0.95785 0.92783 0.87802 0.80097 0.68903 0.53578 0.33795 0.09793 -0.17365 -0.45566 -0.71572 -0.91201 -0.99893 -0.9372 -0.70762 -0.3257 0.14802 0.60905 0.92729 0.98481 0.72572 0.20057 -0.42066 -0.8895 -0.9773 -0.59985 0.09649 0.75952 0.9965 
0.50858 0.97603 0.84056 0.2303 -0.48606 -0.93964 -0.94315 -0.53956 0.06614 0.62594 0.95225 0.96942 0.71078 0.2805 -0.19476 -0.60548 -0.88138 -0.99599 -0.95913 -0.80365 -0.57193 -0.30533 -0.03765 0.20747 0.41658 0.58462 0.71258 0.80518 0.86882 0.91016 0.93512 0.9482 0.95225 0.9482 0.93512 0.91016 0.86882 0.80518 0.71258 0.58462 0.41658 0.20747 -0.03765 -0.30533 -0.57193 -0.80365 -0.95913 -0.99599 -0.88138 -0.60548 -0.19476 0.2805 0.71078 0.96942 0.95225 0.62594 0.06614 -0.53956 -0.94315 -0.93964 -0.48606 0.2303 0.84056 0.97603 
0.35134 0.9234 0.92186 0.39579 -0.32692 -0.86595 -0.98654 -0.67757 -0.10813 0.48101 0.88476 0.99731 0.82213 0.44292 -0.02147 -0.45808 -0.78595 -0.96532 -0.9937 -0.89478 -0.70569 -0.46604 -0.21061 0.03445 0.25239 0.43485 0.57993 0.68996 0.76964 0.8244 0.85938 0.87864 0.88476 0.87864 0.85938 0.8244 0.76964 0.68996 0.57993 0.43485 0.25239 0.03445 -0.21061 -0.46604 -0.70569 -0.89478 -0.9937 -0.96532 -0.78595 -0.45808 -0.02147 0.44292 0.82213 0.99731 0.88476 0.48101 -0.10813 -0.67757 -0.98654 -0.86595 -0.32692 0.39579 0.92186 0.9234 
0.14517 0.82122 0.983 0.58123 -0.11944 -0.74044 -0.9988 -0.81791 -0.31614 0.2845 0.76604 0.99023 0.92402 0.62268 0.19067 -0.25952 -0.63725 -0.88817 -0.99491 -0.96903 -0.83969 -0.64279 -0.41279 -0.17791 0.04182 0.23436 0.39431 0.52108 0.61702 0.68589 0.73165 0.75764 0.76604 0.75764 0.73165 0.68589 0.61702 0.52108 0.39431 0.23436 0.04182 -0.17791 -0.41279 -0.64279 -0.83969 -0.96903 -0.99491 -0.88817 -0.63725 -0.25952 0.19067 0.62268 0.92402 0.99023 0.76604 0.2845 -0.31614 -0.81791 -0.9988 -0.74044 -0.11944 0.58123 0.983 0.82122 
-0.10622 0.65292 0.99772 0.76584 0.132 -0.54938 -0.955 -0.93557 -0.5428 0.03637 0.58149 0.92414 0.99018 0.79818 0.42951 -0.01042 -0.42487 -0.74548 -0.93831 -1.0 -0.94861 -0.81355 -0.62694 -0.41775 -0.20873 -0.01555 0.15262 0.29171 0.40122 0.48269 0.53848 0.57088 0.58149 0.57088 0.53848 0.48269 0.40122 0.29171 0.15262 -0.01555 -0.20873 -0.41775 -0.62694 -0.81355 -0.94861 -1.0 -0.93831 -0.74548 -0.42487 -0.01042 0.42951 0.79818 0.99018 0.92414 0.58149 0.03637 -0.5428 -0.93557 -0.955 -0.54938 0.132 0.76584 0.99772 0.65292 
-0.38694 0.40826 0.93647 0.91809 0.41074 -0.28665 -0.82981 -0.99755 -0.76087 -0.25177 0.32373 0.77574 0.98867 0.93742 0.67046 0.27681 -0.14739 -0.523 -0.79972 -0.95725 -0.99952 -0.94615 -0.82404 -0.66078 -0.48044 -0.30166 -0.13724 0.00513 0.12166 0.21123 0.27419 0.31142 0.32373 0.31142 0.27419 0.21123 0.12166 0.00513 -0.13724 -0.30166 -0.48044 -0.66078 -0.82404 -0.94615 -0.99952 -0.95725 -0.79972 -0.523 -0.14739 0.27681 0.67046 0.93742 0.98867 0.77574 0.32373 -0.25177 -0.76087 -0.99755 -0.82981 -0.28665 0.41074 0.91809 0.93647 0.40826 
-0.66462 0.09075 0.7725 0.99697 0.68379 0.03894 -0.60446 -0.96648 -0.92997 -0.55152 0.0 0.52967 0.88684 0.99966 0.87455 0.57299 0.18075 -0.2189 -0.5623 -0.81206 -0.95575 -1.0 -0.96307 -0.86818 -0.73849 -0.59407 -0.45052 -0.31888 -0.20622 -0.11657 -0.0519 -0.01298 0.0 -0.01298 -0.0519 -0.11657 -0.20622 -0.31888 -0.45052 -0.59407 -0.73849 -0.86818 -0.96307 -1.0 -0.95575 -0.81206 -0.5623 -0.2189 0.18075 0.57299 0.87455 0.99966 0.88684 0.52967 0.0 -0.55152 -0.92997 -0.96648 -0.60446 0.03894 0.68379 0.99697 0.7725 0.09075 
-0.88913 -0.27403 0.49193 0.95808 0.90071 0.39623 -0.27696 -0.80915 -0.99997 -0.81495 -0.36018 0.18862 0.6609 0.94192 0.99052 0.82972 0.52286 0.14723 -0.22672 -0.54736 -0.78566 -0.93288 -0.99541 -0.98865 -0.93178 -0.84393 -0.74184 -0.63885 -0.54481 -0.46647 -0.40811 -0.37226 -0.36018 -0.37226 -0.40811 -0.46647 -0.54481 -0.63885 -0.74184 -0.84393 -0.93178 -0.98865 -0.99541 -0.93288 -0.78566 -0.54736 -0.22672 0.14723 0.52286 0.82972 0.99052 0.94192 0.6609 0.18862 -0.36018 -0.81495 -0.99997 -0.80915 -0.27696 0.39623 0.90071 0.95808 0.49193 -0.27403 
-0.99768 -0.63254 0.10686 0.76625 0.99911 0.72748 0.12627 -0.51024 -0.92136 -0.97784 -0.70022 -0.21577 0.3096 0.73187 0.96393 0.98295 0.81772 0.52695 0.17759 -0.17112 -0.47636 -0.71393 -0.8761 -0.9673 -0.99936 -0.98739 -0.94677 -0.89132 -0.83239 -0.77867 -0.73633 -0.70943 -0.70022 -0.70943 -0.73633 -0.77867 -0.83239 -0.89132 -0.94677 -0.98739 -0.99936 -0.9673 -0.8761 -0.71393 -0.47636 -0.17112 0.17759 0.52695 0.81772 0.98295 0.96393 0.73187 0.3096 -0.21577 -0.70022 -0.97784 -0.92136 -0.51024 0.12627 0.72748 0.99911 0.76625 0.10686 -0.63254 
-0.92944 -0.90478 -0.33251 0.4141 0.91954 0.9523 0.54185 -0.08931 -0.66354 -0.97249 -0.93969 -0.61589 -0.13088 0.3663 0.7548 0.96611 0.98603 0.84203 0.58475 0.27064 -0.05046 -0.34202 -0.5824 -0.76326 -0.88618 -0.95909 -0.99301 -0.9997 -0.99003 -0.97316 -0.95618 -0.94405 -0.93969 -0.94405 -0.95618 -0.97316 -0.99003 -0.9997 -0.99301 -0.95909 -0.88618 -0.76326 -0.5824 -0.34202 -0.05046 0.27064 0.58475 0.84203 0.98603 0.96611 0.7548 0.3663 -0.13088 -0.61589 -0.93969 -0.97249 -0.66354 -0.08931 0.54185 0.9523 0.91954 0.4141 -0.33251 -0.90478 
-0.65037 -0.99899 -0.73372 -0.05782 0.63043 0.98478 0.87111 0.38516 -0.23841 -0.75185 -0.9908 -0.91208 -0.57784 -0.10956 0.36212 0.73448 0.95002 0.99639 0.89542 0.6881 0.4208 0.13533 -0.13644 -0.37419 -0.56812 -0.71662 -0.82359 -0.89592 -0.9416 -0.96827 -0.98244 -0.98896 -0.9908 -0.98896 -0.98244 -0.96827 -0.9416 -0.89592 -0.82359 -0.71662 -0.56812 -0.37419 -0.13644 0.13533 0.4208 0.6881 0.89542 0.99639 0.95002 0.73448 0.36212 -0.10956 -0.57784 -0.91208 -0.9908 -0.75185 -0.23841 0.38516 0.87111 0.98478 0.63043 -0.05782 -0.73372 -0.99899 
-0.18343 -0.84272 -0.97515 -0.54924 0.15784 0.76594 0.99995 0.79498 0.27912 -0.32146 -0.79039 -0.99489 -0.9085 -0.59187 -0.15246 0.29677 0.66665 0.90532 0.99807 0.95872 0.818 0.6126 0.37716 0.13962 -0.08053 -0.27188 -0.42965 -0.55379 -0.64707 -0.71359 -0.75753 -0.78237 -0.79039 -0.78237 -0.75753 -0.71359 -0.64707 -0.55379 -0.42965 -0.27188 -0.08053 0.13962 0.37716 0.6126 0.818 0.95872 0.99807 0.90532 0.66665 0.29677 -0.15246 -0.59187 -0.9085 -0.99489 -0.79039 -0.32146 0.27912 0.79498 0.99995 0.76594 0.15784 -0.54924 -0.97515 -0.84272 
0.36898 -0.42588 -0.9431 -0.91023 -0.39299 0.30517 0.84047 0.996 0.74814 0.23295 -0.34202 -0.78783 -0.9914 -0.9305 -0.65595 -0.25812 0.16654 0.53943 0.81122 0.96268 0.99873 0.93969 0.8129 0.6461 0.46335 0.28312 0.118 -0.02452 -0.14089 -0.23015 -0.29279 -0.32979 -0.34202 -0.32979 -0.29279 -0.23015 -0.14089 -0.02452 0.118 0.28312 0.46335 0.6461 0.8129 0.93969 0.99873 0.96268 0.81122 0.53943 0.16654 -0.25812 -0.65595 -0.9305 -0.9914 -0.78783 -0.34202 0.23295 0.74814 0.996 0.84047 0.30517 -0.39299 -0.91023 -0.9431 -0.42588 
0.82999 0.16053 -0.58968 -0.98486 -0.84419 -0.28696 0.38664 0.87189 0.99228 0.74216 0.24944 -0.30136 -0.74355 -0.97454 -0.96787 -0.75931 -0.42037 -0.03141 0.33825 0.64082 0.85217 0.96839 0.99979 0.96452 0.88334 0.77594 0.65897 0.54522 0.44378 0.36063 0.29937 0.26199 0.24944 0.26199 0.29937 0.36063 0.44378 0.54522 0.65897 0.77594 0.88334 0.96452 0.99979 0.96839 0.85217 0.64082 0.33825 -0.03141 -0.42037 -0.75931 -0.96787 -0.97454 -0.74355 -0.30136 0.24944 0.74216 0.99228 0.87189 0.38664 -0.28696 -0.84419 -0.98486 -0.58968 0.16053 
0.99884 0.71818 0.0093 -0.68647 -0.99725 -0.80222 -0.24058 0.40694 0.87 0.99553 0.77836 0.32767 -0.19711 -0.64781 -0.92651 -0.99765 -0.87902 -0.62206 -0.29064 0.05558 0.37107 0.62781 0.8142 0.93132 0.98846 0.99909 0.97774 0.93793 0.8911 0.84624 0.8099 0.78645 0.77836 0.78645 0.8099 0.84624 0.8911 0.93793 0.97774 0.99909 0.98846 0.93132 0.8142 0.62781 0.37107 0.05558 -0.29064 -0.62206 -0.87902 -0.99765 -0.92651 -0.64781 -0.19711 0.32767 0.77836 0.99553 0.87 0.40694 -0.24058 -0.80222 -0.99725 -0.68647 0.0093 0.71818 
0.74718 0.99587 0.63502 -0.07781 -0.72968 -0.99924 -0.79663 -0.25673 0.36764 0.83416 1.0 0.8482 0.46207 -0.02596 -0.48494 -0.81957 -0.98353 -0.97575 -0.82693 -0.58358 -0.29416 0.0 0.26925 0.49625 0.67426 0.80441 0.89277 0.9478 0.97851 0.99318 0.99865 0.99992 1.0 0.99992 0.99865 0.99318 0.97851 0.9478 0.89277 0.80441 0.67426 0.49625 0.26925 0.0 -0.29416 -0.58358 -0.82693 -0.97575 -0.98353 -0.81957 -0.48494 -0.02596 0.46207 0.8482 1.0 0.83416 0.36764 -0.25673 -0.79663 -0.99924 -0.72968 -0.07781 0.63502 0.99587 
0.12596 0.81 0.98638 0.5969 -0.10016 -0.72726 -0.99766 -0.82891 -0.33448 0.26586 0.75344 0.98734 0.93126 0.63774 0.20967 -0.24074 -0.62218 -0.8791 -0.99277 -0.97363 -0.85006 -0.65752 -0.43037 -0.19696 0.02244 0.21546 0.37642 0.50443 0.60165 0.67165 0.71829 0.74484 0.75344 0.74484 0.71829 0.67165 0.60165 0.50443 0.37642 0.21546 0.02244 -0.19696 -0.43037 -0.65752 -0.85006 -0.97363 -0.99277 -0.8791 -0.62218 -0.24074 0.20967 0.63774 0.93126 0.98734 0.75344 0.26586 -0.33448 -0.82891 -0.99766 -0.72726 -0.10016 0.5969 0.98638 0.81 
-0.58916 0.18673 0.83034 0.98475 0.60994 -0.05798 -0.67874 -0.9868 -0.89001 -0.46817 0.09681 0.6093 0.92741 0.99245 0.82349 0.49095 0.08468 -0.31234 -0.63971 -0.86474 -0.97974 -0.9953 -0.93248 -0.81606 -0.66975 -0.5134 -0.36197 -0.22562 -0.11052 -0.01987 0.04502 0.08388 0.09681 0.08388 0.04502 -0.01987 -0.11052 -0.22562 -0.36197 -0.5134 -0.66975 -0.81606 -0.93248 -0.9953 -0.97974 -0.86474 -0.63971 -0.31234 0.08468 0.49095 0.82349 0.99245 0.92741 0.6093 0.09681 -0.46817 -0.89001 -0.9868 -0.67874 -0.05798 0.60994 0.98475 0.83034 0.18673 
-0.98941 -0.57062 0.18358 0.81374 0.99284 0.67213 0.04902 -0.57535 -0.94871 -0.95868 -0.64279 -0.13946 0.38235 0.78247 0.98165 0.96574 0.77066 0.45951 0.1008 -0.24696 -0.54307 -0.76604 -0.91083 -0.98405 -0.99913 -0.97215 -0.91898 -0.85351 -0.78694 -0.7277 -0.68168 -0.65268 -0.64279 -0.65268 -0.68168 -0.7277 -0.78694 -0.85351 -0.91898 -0.97215 -0.99913 -0.98405 -0.91083 -0.76604 -0.54307 -0.24696 0.1008 0.45951 0.77066 0.96574 0.98165 0.78247 0.38235 -0.13946 -0.64279 -0.95868 -0.94871 -0.57535 0.04902 0.67213 0.99284 0.81374 0.18358 -0.57062 
-0.77239 -0.99161 -0.60459 0.11641 0.75564 1.0 0.7726 0.21906 -0.40343 -0.85492 -0.99925 -0.82702 -0.42733 0.0647 0.51848 0.84117 0.9898 0.96652 0.80451 0.55165 0.25688 -0.03878 -0.30639 -0.52954 -0.70239 -0.82684 -0.90957 -0.95945 -0.98577 -0.99696 -0.99991 -0.99967 -0.99925 -0.99967 -0.99991 -0.99696 -0.98577 -0.95945 -0.90957 -0.82684 -0.70239 -0.52954 -0.30639 -0.03878 0.25688 0.55165 0.80451 0.96652 0.9898 0.84117 0.51848 0.0647 -0.42733 -0.82702 -0.99925 -0.85492 -0.40343 0.21906 0.7726 1.0 0.75564 0.11641 -0.60459 -0.99161 
-0.00994 -0.73644 -0.99881 -0.68601 -0.01603 0.64266 0.98297 0.88825 0.44162 -0.15214 -0.67201 -0.96225 -0.96726 -0.72285 -0.32176 0.12643 0.52709 0.81782 0.97211 0.99353 0.90546 0.74054 0.53225 0.30944 0.09378 -0.10064 -0.26632 -0.40078 -0.50485 -0.5811 -0.63266 -0.66234 -0.67201 -0.66234 -0.63266 -0.5811 -0.50485 -0.40078 -0.26632 -0.10064 0.09378 0.30944 0.53225 0.74054 0.90546 0.99353 0.97211 0.81782 0.52709 0.12643 -0.32176 -0.72285 -0.96726 -0.96225 -0.67201 -0.15214 0.44162 0.88825 0.98297 0.64266 -0.01603 -0.68601 -0.99881 -0.73644 
0.78427 0.08356 -0.65049 -0.99533 -0.80011 -0.21186 0.45694 0.90722 0.97968 0.68799 0.17365 -0.37434 -0.79313 -0.98898 -0.94547 -0.7066 -0.34879 0.04614 0.41016 0.69838 0.89015 0.98481 0.99519 0.94116 0.84436 0.72473 0.5987 0.47862 0.373 0.28726 0.22453 0.18642 0.17365 0.18642 0.22453 0.28726 0.373 0.47862 0.5987 0.72473 0.84436 0.94116 0.99519 0.98481 0.89015 0.69838 0.41016 0.04614 -0.34879 -0.7066 -0.94547 -0.98898 -0.79313 -0.37434 0.17365 0.68799 0.97968 0.90722 0.45694 -0.21186 -0.80011 -0.99533 -0.65049 0.08356 
0.96079 0.8593 0.23965 -0.50028 -0.95327 -0.91828 -0.45794 0.18532 0.73285 0.99047 0.90217 0.53673 0.03429 -0.45466 -0.81476 -0.98656 -0.96528 -0.78585 -0.50347 -0.17617 0.14691 0.43139 0.65837 0.82222 0.92687 0.98199 0.99977 0.99263 0.97174 0.9463 0.92334 0.90769 0.90217 0.90769 0.92334 0.9463 0.97174 0.99263 0.99977 0.98199 0.92687 0.82222 0.65837 0.43139 0.14691 -0.17617 -0.50347 -0.78585 -0.96528 -0.98656 -0.81476 -0.45466 0.03429 0.53673 0.90217 0.99047 0.73285 0.18532 -0.45794 -0.91828 -0.95327 -0.50028 0.23965 0.8593 
0.29631 0.89952 0.94283 0.44851 -0.27141 -0.8354 -0.99438 -0.71918 -0.16575 0.42922 0.85617 0.99988 0.85384 0.4943 0.03669 -0.40562 -0.74867 -0.94851 -0.99853 -0.91923 -0.74569 -0.5167 -0.26709 -0.02372 0.1957 0.38176 0.53158 0.64671 0.73121 0.7901 0.82819 0.84939 0.85617 0.84939 0.82819 0.7901 0.73121 0.64671 0.53158 0.38176 0.1957 -0.02372 -0.26709 -0.5167 -0.74569 -0.91923 -0.99853 -0.94851 -0.74867 -0.40562 0.03669 0.4943 0.85384 0.99988 0.85617 0.42922 -0.16575 -0.71918 -0.99438 -0.8354 -0.27141 0.44851 0.94283 0.89952 
-0.66462 0.09075 0.7725 0.99697 0.68379 0.03894 -0.60446 -0.96648 -0.92997 -0.55152 0.0 0.52967 0.88684 0.99966 0.87455 0.57299 0.18075 -0.2189 -0.5623 -0.81206 -0.95575 -1.0 -0.96307 -0.86818 -0.73849 -0.59407 -0.45052 -0.31888 -0.20622 -0.11657 -0.0519 -0.01298 0.0 -0.01298 -0.0519 -0.11657 -0.20622 -0.31888 -0.45052 -0.59407 -0.73849 -0.86818 -0.96307 -1.0 -0.95575 -0.81206 -0.5623 -0.2189 0.18075 0.57299 0.87455 0.99966 0.88684 0.52967 0.0 -0.55152 -0.92997 -0.96648 -0.60446 0.03894 0.68379 0.99697 0.7725 0.09075 
-0.97529 -0.8281 -0.18279 0.54978 0.96922 0.8937 0.40548 -0.24214 -0.77117 -0.9968 -0.87556 -0.48676 0.02388 0.50568 0.8471 0.99439 0.94846 0.74857 0.45238 0.11864 -0.20418 -0.48311 -0.70102 -0.85392 -0.94713 -0.99131 -0.99932 -0.9839 -0.95637 -0.92591 -0.89945 -0.88176 -0.87556 -0.88176 -0.89945 -0.92591 -0.95637 -0.9839 -0.99932 -0.99131 -0.94713 -0.85392 -0.70102 -0.48311 -0.20418 0.11864 0.45238 0.74857 0.94846 0.99439 0.8471 0.50568 0.02388 -0.48676 -0.87556 -0.9968 -0.77117 -0.24214 0.40548 0.8937 0.96922 0.54978 -0.18279 -0.8281 
-0.24027 -0.8726 -0.96061 -0.49972 0.21499 0.80203 0.99885 0.75837 0.22281 -0.37597 -0.82468 -0.99908 -0.88266 -0.54401 -0.09474 0.35179 0.70886 0.92849 0.99999 0.94057 0.78317 0.56561 0.32267 0.08181 -0.13835 -0.32737 -0.48143 -0.60126 -0.69031 -0.75312 -0.79421 -0.81726 -0.82468 -0.81726 -0.79421 -0.75312 -0.69031 -0.60126 -0.48143 -0.32737 -0.13835 0.08181 0.32267 0.56561 0.78317 0.94057 0.99999 0.92849 0.70886 0.35179 -0.09474 -0.54401 -0.88266 -0.99908 -0.82468 -0.37597 0.22281 0.75837 0.99885 0.80203 0.21499 -0.49972 -0.96061 -0.8726 
0.78427 0.08356 -0.65049 -0.99533 -0.80011 -0.21186 0.45694 0.90722 0.97968 0.68799 0.17365 -0.37434 -0.79313 -0.98898 -0.94547 -0.7066 -0.34879 0.04614 0.41016 0.69838 0.89015 0.98481 0.99519 0.94116 0.84436 0.72473 0.5987 0.47862 0.373 0.28726 0.22453 0.18642 0.17365 0.18642 0.22453 0.28726 0.373 0.47862 0.5987 0.72473 0.84436 0.94116 0.99519 0.98481 0.89015 0.69838 0.41016 0.04614 -0.34879 -0.7066 -0.94547 -0.98898 -0.79313 -0.37434 0.17365 0.68799 0.97968 0.90722 0.45694 -0.21186 -0.80011 -0.99533 -0.65049 0.08356 
0.87095 0.95409 0.45709 -0.28711 -0.8579 -0.98484 -0.65061 -0.0463 0.55619 0.93202 0.97733 0.71684 0.26385 -0.237 -0.65909 -0.92229 -0.9995 -0.90729 -0.68915 -0.39843 -0.08516 0.2117 0.46704 0.6688 0.81532 0.91195 0.96791 0.99382 0.99998 0.99535 0.987 0.98 0.97733 0.98 0.987 0.99535 0.99998 0.99382 0.96791 0.91195 0.81532 0.6688 0.46704 0.2117 -0.08516 -0.39843 -0.68915 -0.90729 -0.9995 -0.92229 -0.65909 -0.237 0.26385 0.71684 0.97733 0.93202 0.55619 -0.0463 -0.65061 -0.98484 -0.8579 -0.28711 0.45709 0.95409 
