1
64
6.0
8.92844
7.02098
2.67113
0.21169
1.68857
5.1207
6.86129
5.42929
2.7875
1.88616
3.28287
4.54782
3.06797
-0.86492
-4.13802
-4.1
-1.54445
-0.08896
-2.42621
-7.31607
-10.55277
-9.06237
-3.99869
0.33051
0.62877
-2.34439
-4.84573
-4.07414
-0.83436
1.70032
1.59857
0.2
0.43454
3.36478
6.80569
7.60497
5.15275
2.2628
2.31323
5.57071
8.63002
7.72972
2.62925
-2.9537
-4.86789
-2.47946
0.9103
1.5
-1.31313
-4.6968
-5.63641
-4.10059
-2.79395
-3.92113
-6.59003
-7.73051
-5.54089
-1.67149
0.34781
-1.11998
-3.87112
-3.95594
0.21495
